omega_std: 0.007718826688835438
d_omega_dt_std: 5.214414219383005e-05
note: scaled = original / std
